(0, 0) (400, 200)
(0, 0) (600, 200)
(0, 0) (600, 300)
(0, 0) (500, 200)
(0, 0) (300, 200)
(0, 0) (200, 300)
(0, 0) (600, 400)
(0, 0) (600, 500)
(0, 0) (600, 600)
(0, 0) (500, 300)
(0, 0) (200, 200)
(0, 0) (200, 300)
(0, 0) (300, 300)
(0, 0) (400, 300)
(0, 0) (500, 400)
(0, 0) (400, 400)
(0, 0) (300, 400)
(0, 0) (500, 600)
(0, 0) (400, 600)
(0, 0) (200, 600)
(0, 0) (300, 600)
(0, 0) (200, 400)
(0, 0) (500, 500)
(0, 0) (300, 400)
(0, 0) (300, 500)
(0, 0) (500, 600)
(0, 0) (400, 400)
(0, 0) (500, 300)
(0, 0) (600, 300)
